262144000S
200387870 308
53358 1
-54286 -1
17697 1
-18007 -1
61109 1
3821 1
10718 1
2888 1
-79868 -4
15726 1
-16005 -1
10677 1
-10915 -1
91770 1
-92069 -1
129903 1
-131712 -1
48548 1
-49705 -1
816887 1
-827580 -1
3977 1
8281481 1
9663688 1
16065 1
23317 1
12519 1
16027 1
16101 1
21933 1
27848 1
3980 1
4008 1
105808 1
3979 1
5666 1
47092 1
37143 1
35572 1
537004 1
48410 1
14836 1
17334 1
20310 1
16738 1
26918 1
66925 1
-19327777 -26
86773 1
56648 1
-146164 -2
12019 1
-12276 -1
29472 1
-29922 -1
82650 1
-84465 -1
6516 1
-6634 -1
45686 1
-46571 -1
4375 1
-4481 -1
23225 1
-23613 -1
25341 1
-25852 -1
11582 1
12156 1
-24233 -2
35061 1
-35677 -1
13932 1
-14221 -1
31036 1
-31540 -1
31121 1
-31643 -1
83584 1
-85409 -1
3848 1
-3927 -1
33824 1
-34566 -1
1359763 1
-1377529 -1
3441 1
-3508 -1
90138 1
-92477 -1
149611 1
-152284 -1
20179 1
10598 1
13446 1
113843 1
4293 1
51283 1
32054 1
21499 1
19032 1
33023 1
27846 1
118431 1
74520 1
27344 1
38583 1
38256 1
4009 1
4011 1
3980 1
28604 1
32811 1
31470 1
2589238 1
25916 1
65387 1
39947 1
84927 1
10545943 1
31429 1
27765 1
-14356300 -30
3203 1
163127 1
-169751 -2
55678 1
-56696 -1
26841 1
-27426 -1
26010 1
20393 1
-47312 -2
11207 1
33914 1
-46127 -2
9110 1
9741 1
-19203 -2
13076 1
-13342 -1
24144 1
21804 1
-46797 -2
60948 1
-62072 -1
10932 1
-11159 -1
22053 1
12094 1
-34845 -2
4502 1
-4583 -1
8548 1
-8705 -1
2424658 1
-2456221 -1
132652 1
-134636 -1
7545 1
-7687 -1
58464 1
-59289 -1
33759 1
-34397 -1
30137 1
-30622 -1
1147980 1
-1162970 -1
8534 1
-8695 -1
14469 1
41702 1
59144 1
54704 1
62954 1
20883 1
15975 1
3680 1
4011 1
3982 1
4014 1
24870 1
26087 1
56679 1
3690 1
16373 1
27570 1
11550 1
52921 1
57989 1
50624 1
50621 1
56310 1
23274 1
-757221 -24
3950 1
22084 1
-26536 -2
41217 1
-42046 -1
4512 1
21916 1
-26889 -2
28323 1
-28819 -1
28347 1
-28843 -1
22357 1
-22734 -1
16399 1
29055 1
3982 1
3982 1
4011 1
28687 1
20029 1
-107995 -7
88295 1
5287 1
17508 1
21842 1
24909 1
17005 1
25109 1
6050 1
13847 1
-223666 -9
110119 1
4607 1
6145 1
25475 1
3978 1
4013 1
3981 1
60963 1
90238 1
101812 1
40370 1
76679 1
26498 1
51207 1
19272 1
4107 1
12985 1
14951 1
12777 1
40197 1
136759 1
19244 1
4334 1
61571 1
24043 1
-973249 -25
108437 1
-110309 -1
60316 1
-61139 -1
14471 1
-14750 -1
97818 1
-99240 -1
11629 1
-11847 -1
39230 1
-39795 -1
65369 1
-66725 -1
120575 1
-122257 -1
102189 1
11396 1
6054219 1
4515 1
102459 1
22718 1
81545 1
22724 1
48650 1
11843 1
3982 1
4014 1
3979 1
8848 1
59582 1
18985 1
16447 1
64249 1
2074089 1
31163 1
22461 1
33150 1
25152 1
4138 1
40141 1
50824 1
24138 1
18578 1
57843 1
-9145375 -29
23334 1
-24175 -1
23213 1
-23603 -1
9784 1
-9974 -1
13837 1
-14562 -1
17199 1
-17498 -1
18549 1
-18930 -1
25120 1
-25601 -1
8025 1
54705 1
-63962 -2
37090 1
-37586 -1
15706 1
-16010 -1
85781 1
-86507 -1
10801 1
-11022 -1
50039 1
-51080 -1
20986 1
-21367 -1
5586 1
-5695 -1
28153 1
6838 1
-35739 -2
40622 1
-41411 -1
62417 1
7804 1
-71657 -2
17648 1
20820 1
-39124 -2
18103 1
-18460 -1
22048 1
17380 1
73295 1
74171 1
3979 1
4014 1
3982 1
31157 1
6157 1
50384 1
65621 1
19018 1
14865 1
22154 1
21763 1
19141 1
26567 1
43317 1
30515 1
141892 1
98489 1
37330 1
-843457 -22
66954 1
-68413 -1
53271 1
-54526 -1
21514 1
-21877 -1
6908 1
108422 1
34095 1
-151977 -3
18666 1
-18963 -1
23989 1
-24379 -1
21390 1
-21786 -1
7031 1
-7144 -1
3787 1
-3865 -1
22820 1
-23205 -1
59068 1
-60366 -1
5189 1
-5293 -1
5390 1
-5493 -1
117656 1
32157 1
-153110 -2
6940 1
-7069 -1
138553 1
-140982 -1
130668 1
17530 1
-150842 -2
22280 1
-22629 -1
45985 1
-46818 -1
32370 1
-32893 -1
28392 1
-28887 -1
95820 1
-96132 -1
28400 1
-28895 -1
22035 1
-22409 -1
60153 1
-61338 -1
11785 1
-11996 -1
