2147483647C
125377261 2040
3053 1
2976 1
2980 1
2995 1
2962 1
2958 1
2938 1
2962 1
2954 1
2945 1
2970 1
2951 1
2947 1
3174 1
2957 1
2993 1
3371 1
2946 1
2999 1
2892 1
3066 1
3113 1
3017 1
3000 1
2921 1
2996 1
2935 1
3987 1
2918 1
2932 1
2950 1
2955 1
2941 1
2960 1
2961 1
2905 1
2955 1
3120 1
2896 1
3016 1
2917 1
2947 1
2929 1
2927 1
2933 1
2947 1
2919 1
3192 1
3043 1
3120 1
2994 1
2852 1
3044 1
2986 1
2980 1
3058 1
3067 1
3015 1
3067 1
3001 1
2965 1
3075 1
3031 1
3034 1
3050 1
3006 1
3020 1
2996 1
2968 1
3052 1
5264 1
2910 1
4107 1
3040 1
2982 1
3047 1
3083 1
3025 1
3072 1
3197 1
3079 1
3062 1
2810 1
3109 1
3035 1
2933 1
2911 1
3049 1
3030 1
3014 1
2961 1
3023 1
3022 1
2973 1
2958 1
3067 1
2790 1
2999 1
2924 1
2999 1
3020 1
3035 1
3088 1
2914 1
2986 1
2923 1
3013 1
3015 1
2952 1
3042 1
2918 1
3040 1
2853 1
3067 1
3004 1
3018 1
3042 1
2933 1
3013 1
3000 1
2980 1
3022 1
2999 1
3045 1
3038 1
2454 1
3055 1
2841 1
3046 1
2946 1
3065 1
3022 1
3042 1
3037 1
2448 1
2933 1
3075 1
2963 1
2454 1
3060 1
3065 1
3221 1
2961 1
2980 1
2982 1
2987 1
3042 1
2453 1
3118 1
2937 1
3055 1
2949 1
2994 1
2968 1
3047 1
3042 1
2998 1
2962 1
3023 1
3013 1
2921 1
2989 1
3000 1
3004 1
2970 1
3017 1
3038 1
2999 1
3003 1
2952 1
3019 1
2996 1
2899 1
3039 1
2866 1
2965 1
2914 1
2940 1
3004 1
3095 1
3085 1
2990 1
3067 1
2967 1
2965 1
3002 1
2984 1
2966 1
2974 1
3058 1
3004 1
3043 1
3072 1
3071 1
2921 1
3062 1
2911 1
2976 1
2968 1
3076 1
2946 1
3032 1
2967 1
2966 1
2936 1
2955 1
3031 1
3010 1
2950 1
2978 1
3120 1
2919 1
3248 1
2993 1
2968 1
3019 1
2887 1
2982 1
3027 1
3018 1
3009 1
3120 1
2976 1
3055 1
2946 1
3093 1
2973 1
2963 1
2987 1
2998 1
3306 1
3040 1
2947 1
2957 1
2994 1
3074 1
2942 1
2969 1
2938 1
3003 1
2977 1
3061 1
2934 1
3031 1
3006 1
2991 1
2936 1
2917 1
2983 1
2993 1
3016 1
2981 1
3084 1
3015 1
3465 1
3030 1
2960 1
2982 1
2987 1
2697 1
3003 1
3050 1
3015 1
3052 1
2971 1
3036 1
4520 1
3031 1
2988 1
3005 1
3086 1
2968 1
2918 1
2992 1
3049 1
3128 1
3068 1
3145 1
2951 1
3080 1
2956 1
3000 1
2996 1
3126 1
3080 1
2979 1
2948 1
3021 1
3234 1
2771 1
3011 1
2939 1
3014 1
2969 1
2946 1
2909 1
2974 1
2987 1
